0 0 0.952257 3.38678 4.28023
0 1 0.895383 0.627065 1.81594
0 2 0.905519 5.85271 1.74822
0 3 0.942988 5.62802 1.80371
0 4 0.61717 0.0760349 3.87521
0 5 0.906577 5.79809 0.190695
0 6 0.856512 6.27851 2.23508
0 7 0.963964 5.35237 4.30835
0 8 0.384358 3.04317 1.13228
0 9 0.417215 1.59055 2.46148
0 10 0.459861 0.394492 2.85746
0 11 0.461158 3.42959 5.73163
0 12 0.734655 2.69383 2.5567
0 13 0.868335 2.41872 3.26888
0 14 0.832276 4.08909 1.86117
0 15 0.927462 4.0014 6.25936
0 16 0.595203 4.82485 5.17965
0 17 0.85102 3.55541 4.87391
0 18 0.338698 5.35595 0.755173
0 19 0.462625 3.69484 2.58482
0 20 0.929544 0.771511 2.26746
0 21 0.930999 4.79511 4.36793
0 22 0.530207 2.75055 0.544291
0 23 0.226291 0.0925913 5.18661
0 24 0.684909 3.2219 1.33496
0 25 0.307249 4.29724 4.9077
0 26 0.81383 3.83413 5.83039
0 27 0.665611 5.8471 2.01741
0 28 0.617727 3.68433 3.90639
0 29 0.558132 5.46251 1.69355
0 30 0.561165 1.87166 1.84305
0 31 0.956171 2.39913 1.65719
0 32 0.724869 6.25093 6.02904
0 33 0.591252 4.86483 1.6768
0 34 0.785244 2.05683 4.94556
0 35 0.617532 1.90586 5.88775
0 36 0.992447 2.21615 5.56546
0 37 0.684237 1.75179 1.62954
0 38 0.826044 1.05118 5.10613
0 39 0.875581 1.34875 1.39511
0 40 0.556337 3.71108 2.27569
0 41 0.32421 0.8429 2.7509
0 42 0.238546 5.10888 0.539319
0 43 0.50108 6.01312 2.78907
0 44 0.812297 5.39197 3.39857
0 45 0.696092 3.80831 0.0314583
0 46 0.479118 5.11982 5.23005
0 47 0.713185 0.234206 5.8824
0 48 0.574685 4.30102 1.86431
0 49 0.929992 1.69077 4.57102
0 50 0.818025 4.5994 3.19008
0 51 0.437565 3.83991 1.96494
0 52 0.853899 1.1023 3.60063
0 53 0.411681 3.90565 4.10709
0 54 0.645026 1.97396 0.0275443
0 55 0.922927 1.95683 2.48561
0 56 0.946548 3.31213 0.101706
0 57 0.3965 4.92898 1.26686
0 58 0.828515 1.46154 3.33916
0 59 0.729394 2.23304 3.98013
0 60 0.57702 1.54274 3.09164
0 61 0.755999 1.91646 3.92833
0 62 0.994685 1.13201 5.85129
0 63 0.757226 2.31041 5.20536
0 64 0.759393 0.302057 1.5458
0 65 0.546893 4.87559 5.75129
0 66 0.654834 0.421263 5.81542
0 67 0.868088 0.459912 3.72086
0 68 0.981528 5.87095 3.51388
0 69 0.551755 4.78873 2.27389
0 70 0.418527 3.35274 1.99237
0 71 0.173388 3.09597 0.398905
0 72 0.402063 4.25311 1.25111
0 73 0.72154 2.02747 1.35124
0 74 0.246484 0.252859 6.14917
1 0 0.952257 3.38678 4.28023
1 1 0.895383 0.627065 1.81594
1 2 0.905519 5.85271 1.74822
1 3 0.942988 5.62802 1.80371
1 4 0.61717 0.0760349 3.87521
1 5 0.906577 5.79809 0.190695
1 6 0.856512 6.27851 2.23508
1 7 0.963964 5.35237 4.30835
1 8 0.384358 3.04317 1.13228
1 9 0.417215 1.59055 2.46148
1 10 0.459861 0.394492 2.85746
1 11 0.461158 3.42959 5.73163
1 12 0.734655 2.69383 2.5567
1 13 0.868335 2.41872 3.26888
1 14 0.832276 4.08909 1.86117
1 15 0.927462 4.0014 6.25936
1 16 0.595203 4.82485 5.17965
1 17 0.85102 3.55541 4.87391
1 18 0.338698 5.35595 0.755173
1 19 0.462625 3.69484 2.58482
1 20 0.929544 0.771511 2.26746
1 21 0.930999 4.79511 4.36793
1 22 0.530207 2.75055 0.544291
1 23 0.226291 0.0925913 5.18661
1 24 0.684909 3.2219 1.33496
1 25 0.307249 4.29724 4.9077
1 26 0.81383 3.83413 5.83039
1 27 0.665611 5.8471 2.01741
1 28 0.617727 3.68433 3.90639
1 29 0.558132 5.46251 1.69355
1 30 0.561165 1.87166 1.84305
1 31 0.956171 2.39913 1.65719
1 32 0.724869 6.25093 6.02904
1 33 0.591252 4.86483 1.6768
1 34 0.785244 2.05683 4.94556
1 35 0.617532 1.90586 5.88775
1 36 0.992447 2.21615 5.56546
1 37 0.684237 1.75179 1.62954
1 38 0.826044 1.05118 5.10613
1 39 0.875581 1.34875 1.39511
1 40 0.556337 3.71108 2.27569
1 41 0.32421 0.8429 2.7509
1 42 0.238546 5.10888 0.539319
1 43 0.50108 6.01312 2.78907
1 44 0.812297 5.39197 3.39857
1 45 0.696092 3.80831 0.0314583
1 46 0.479118 5.11982 5.23005
1 47 0.713185 0.234206 5.8824
1 48 0.574685 4.30102 1.86431
1 49 0.929992 1.69077 4.57102
1 50 0.818025 4.5994 3.19008
1 51 0.437565 3.83991 1.96494
1 52 0.853899 1.1023 3.60063
1 53 0.411681 3.90565 4.10709
1 54 0.645026 1.97396 0.0275443
1 55 0.922927 1.95683 2.48561
1 56 0.946548 3.31213 0.101706
1 57 0.3965 4.92898 1.26686
1 58 0.828515 1.46154 3.33916
1 59 0.729394 2.23304 3.98013
1 60 0.57702 1.54274 3.09164
1 61 0.755999 1.91646 3.92833
1 62 0.994685 1.13201 5.85129
1 63 0.757226 2.31041 5.20536
1 64 0.759393 0.302057 1.5458
1 65 0.546893 4.87559 5.75129
1 66 0.654834 0.421263 5.81542
1 67 0.868088 0.459912 3.72086
1 68 0.981528 5.87095 3.51388
1 69 0.551755 4.78873 2.27389
1 70 0.418527 3.35274 1.99237
1 71 0.173388 3.09597 0.398905
1 72 0.402063 4.25311 1.25111
1 73 0.72154 2.02747 1.35124
1 74 0.246484 0.252859 6.14917