16
16.0506 20.2449 16.1015 26.5215 16.0037 16.0135 16.0324 16 16 16 16.0318 16.4173 16.1441 16.9098 16 16.0334

-0.393564 0.812885 0.429331
0.631506 0.300145 -0.714922
0.532426 -0.269384 0.802468
-0.548456 0.312765 -0.775483
-0.519307 -0.829203 -0.206741
0.64883 -0.74901 0.13418
0.0669621 -0.859929 -0.506002
-0.605651 -0.64392 0.467497
-0.0194898 -0.994599 0.101942
0.0201018 -0.693369 0.720302
0.198805 0.979935 0.014243
-0.946795 0.228697 0.226445
-0.934015 0.253204 0.252
0.971249 0.18818 0.14582
-0.425865 -0.0704263 0.902042
0.173749 0.265457 0.948337


0.0195878
    10.17
 0.929132
  19.0524
 0 
0
 0
  0.0
 0.0
 0.0
0.0
   0.0
       0
  0.0
  0.0
 0.0